# № | H, А/м | ΔB, Тл | B, Тл | δB, Тл
  1 |   2856.5 | -0.1329 | -0.1329 | 0.0025
  2 |   1391.5 | -0.2213 | -0.3541 | 0.0035
  3 |    872.9 | -0.1434 | -0.4975 | 0.0043
  4 |    526.4 | -0.1137 | -0.6112 | 0.0049
  5 |    369.3 | -0.0532 | -0.6644 | 0.0055
  6 |    309.7 | -0.0309 | -0.6953 | 0.0061
  7 |    246.2 | -0.1162 | -0.8115 | 0.0065
  8 |    216.7 | -0.0111 | -0.8226 | 0.0070
  9 |    155.4 | -0.0136 | -0.8362 | 0.0074
 10 |     84.7 | -0.0173 | -0.8535 | 0.0078
 11 |      0.0 | -0.0321 | -0.8857 | 0.0082
 12 |    -84.7 | -0.0952 | -0.9808 | 0.0086
 13 |   -155.4 | -0.1286 | -1.1094 | 0.0089
 14 |   -216.7 | -0.2818 | -1.3912 | 0.0093
 15 |   -246.2 | -0.2002 | -1.5915 | 0.0096
 16 |   -309.7 | -0.3239 | -1.9153 | 0.0099
 17 |   -369.3 | -0.1829 | -2.0983 | 0.0102
 18 |   -526.4 | -0.2905 | -2.3887 | 0.0105
 19 |   -872.9 | -0.2954 | -2.6842 | 0.0108
 20 |  -1391.5 | -0.2089 | -2.8931 | 0.0111
 21 |  -2856.5 | -0.2596 | -3.1526 | 0.0113
 22 |  -8110.5 | -0.2349 | -3.3875 | 0.0116
 23 |  -2856.5 |  0.2361 | -3.1514 | 0.0119
 24 |  -1391.5 |  0.2522 | -2.8992 | 0.0121
 25 |   -872.9 |  0.1496 | -2.7497 | 0.0124
 26 |   -526.4 |  0.1236 | -2.6261 | 0.0126
 27 |   -369.3 |  0.0457 | -2.5803 | 0.0128
 28 |   -309.7 |  0.0185 | -2.5618 | 0.0131
 29 |   -246.2 |  0.0161 | -2.5457 | 0.0133
 30 |   -216.7 |  0.0099 | -2.5358 | 0.0135
 31 |   -155.4 |  0.0148 | -2.5210 | 0.0138
 32 |    -84.7 |  0.0124 | -2.5086 | 0.0140
 33 |     -0.0 |  0.0297 | -2.4790 | 0.0142
 34 |     84.7 |  0.0964 | -2.3826 | 0.0144
 35 |    155.4 |  0.1323 | -2.2503 | 0.0146
 36 |    216.7 |  0.3004 | -1.9499 | 0.0148
 37 |    246.2 |  0.2052 | -1.7447 | 0.0150
 38 |    309.7 |  0.3436 | -1.4011 | 0.0152
 39 |    369.3 |  0.1866 | -1.2145 | 0.0154
 40 |    526.4 |  0.3090 | -0.9054 | 0.0156
 41 |    872.9 |  0.3115 | -0.5939 | 0.0158
 42 |   1391.5 |  0.2114 | -0.3826 | 0.0160
 43 |   2856.5 |  0.2707 | -0.1119 | 0.0162
 44 |   8110.5 |  0.2447 |  0.1329 | 0.0164

# Начальная кривая
# № | H, А/м | B, Тл
  1 |     84.7 |  0.8541
  2 |    155.4 |  0.7726
  3 |    216.7 |  0.6304
  4 |    246.2 |  0.5575
  5 |    309.7 |  0.4178
  6 |    369.3 |  0.3115
  7 |    526.4 |  0.1038
  8 |    872.9 | -0.1557
  9 |   1391.5 | -0.3548
 10 |   2856.5 | -0.6143
 11 |   8110.5 | -0.8541
